1.460267324035303682e-01 -1.659164809859805523e-01
-1.371789790984048407e+00 -1.665044184076319711e+00
-1.695770123112096739e+00 -1.168059084224741584e+00
-7.976000811770920240e-01 6.081611117648542120e-01
1.088758413817241255e-01 2.511303407435569124e+00
-7.244081587588507842e-02 -8.210012754930722245e-01
-1.754878712161410004e+00 -3.485020877162491315e-01
1.120299065910491221e+00 9.004256009045537024e-01
1.023431037071278471e+00 7.907271793332470988e-01
-4.256972420039569771e-01 7.169466762668944559e-01
